# TEST impulse
N 8
0 1.000000 0.000000 0.124969 0.000000
1 0.000000 0.000000 0.124969 0.000000
2 0.000000 0.000000 0.124969 0.000000
3 0.000000 0.000000 0.124969 0.000000
4 0.000000 0.000000 0.124969 0.000000
5 0.000000 0.000000 0.124969 0.000000
6 0.000000 0.000000 0.124969 0.000000
7 0.000000 0.000000 0.124969 0.000000

# TEST sine_bin2
N 8
0 0.000000 0.000000 -0.000031 0.000000
1 0.500000 0.000000 0.000000 0.000000
2 0.000000 0.000000 0.000000 -0.249969
3 -0.500000 0.000000 0.000000 0.000000
4 -0.000000 0.000000 0.000000 0.000000
5 0.500000 0.000000 0.000000 0.000000
6 0.000000 0.000000 0.000000 0.249969
7 -0.500000 0.000000 0.000000 0.000000

# TEST mixed_tones
N 8
0 0.500000 0.000000 0.199921 0.000000
1 0.518198 0.000000 0.149933 -0.000031
2 0.050000 0.000000 0.000000 -0.000031
3 0.093934 0.000000 0.000000 -0.075012
4 -0.100000 0.000000 0.000000 0.000000
5 -0.118198 0.000000 0.000000 0.074982
6 0.350000 0.000000 0.000000 0.000000
7 0.306066 0.000000 0.149963 0.000000

